0,1584,1,0,0
0,1585,1,0,0
1,1584,2,1,0
1,1585,2,1,0
2,1584,3,1,0
2,1585,3,1,0
3,1584,4,1,0
3,1585,4,1,0
4,1584,5,1,0
4,1585,5,1,0
5,1584,27,2,0
5,1585,1567,3,3
6,1584,28,2,0
6,1585,1585,4,0
7,1584,29,2,0
7,1585,6,0,1
8,1584,30,2,0
8,1585,7,0,1
9,1584,8,0,1
9,1585,8,0,1
10,1584,9,0,1
10,1585,9,0,1
11,1584,10,0,1
11,1585,10,0,1
12,1584,11,0,1
12,1585,11,0,1
13,1584,35,2,0
13,1585,12,0,1
14,1584,36,2,0
14,1585,13,0,1
15,1584,37,2,0
15,1585,14,0,1
16,1584,38,2,0
16,1585,15,0,1
17,1584,16,0,1
17,1585,18,1,0
18,1584,17,0,1
18,1585,19,1,0
19,1584,20,1,0
19,1585,20,1,0
20,1584,21,1,0
20,1585,21,1,0
21,1584,0,1,2
21,1585,0,1,2
22,1584,23,1,1
22,1585,23,1,1
23,1584,24,2,1
23,1585,24,2,1
24,1584,25,2,1
24,1585,25,2,1
25,1584,26,2,1
25,1585,26,2,1
26,1584,27,2,1
26,1585,27,2,1
27,1584,49,3,0
27,1585,1585,4,0
28,1584,50,3,0
28,1585,6,0,2
29,1584,51,3,0
29,1585,28,1,2
30,1584,52,3,0
30,1585,29,1,2
31,1584,30,1,2
31,1585,30,1,2
32,1584,31,1,2
32,1585,31,1,2
33,1584,32,1,2
33,1585,32,1,2
34,1584,33,1,2
34,1585,33,1,2
35,1584,57,3,0
35,1585,34,1,2
36,1584,58,3,0
36,1585,35,1,2
37,1584,59,3,0
37,1585,15,0,2
38,1584,60,3,0
38,1585,16,0,2
39,1584,38,1,2
39,1585,40,2,1
40,1584,39,1,2
40,1585,41,2,1
41,1584,42,2,1
41,1585,42,2,1
42,1584,43,2,1
42,1585,43,2,1
43,1584,22,2,3
43,1585,22,2,3
44,1584,45,1,1
44,1585,45,1,1
45,1584,46,2,1
45,1585,46,2,1
46,1584,47,2,1
46,1585,47,2,1
47,1584,48,2,1
47,1585,48,2,1
48,1584,49,2,1
48,1585,70,3,0
49,1584,71,3,0
49,1585,1585,4,0
50,1584,72,3,0
50,1585,49,1,2
51,1584,73,3,0
51,1585,50,1,2
52,1584,74,3,0
52,1585,51,1,2
53,1584,52,1,2
53,1585,52,1,2
54,1584,53,1,2
54,1585,53,1,2
55,1584,54,1,2
55,1585,54,1,2
56,1584,55,1,2
56,1585,55,1,2
57,1584,79,3,0
57,1585,56,1,2
58,1584,80,3,0
58,1585,57,1,2
59,1584,81,3,0
59,1585,58,1,2
60,1584,82,3,0
60,1585,82,3,0
61,1584,60,1,2
61,1585,62,2,1
62,1584,61,1,2
62,1585,63,2,1
63,1584,64,2,1
63,1585,64,2,1
64,1584,65,2,1
64,1585,65,2,1
65,1584,44,2,3
65,1585,44,2,3
66,1584,67,1,1
66,1585,67,1,1
67,1584,68,2,1
67,1585,68,2,1
68,1584,69,2,1
68,1585,69,2,1
69,1584,70,2,1
69,1585,70,2,1
70,1584,71,2,1
70,1585,1585,4,0
71,1584,93,3,0
71,1585,93,3,0
72,1584,94,3,0
72,1585,71,1,2
73,1584,95,3,0
73,1585,72,1,2
74,1584,96,3,0
74,1585,73,1,2
75,1584,74,1,2
75,1585,74,1,2
76,1584,75,1,2
76,1585,75,1,2
77,1584,76,1,2
77,1585,76,1,2
78,1584,77,1,2
78,1585,77,1,2
79,1584,101,3,0
79,1585,78,1,2
80,1584,102,3,0
80,1585,79,1,2
81,1584,103,3,0
81,1585,80,1,2
82,1584,104,3,0
82,1585,83,2,1
83,1584,82,1,2
83,1585,84,2,1
84,1584,83,1,2
84,1585,85,2,1
85,1584,86,2,1
85,1585,86,2,1
86,1584,87,2,1
86,1585,87,2,1
87,1584,66,2,3
87,1585,66,2,3
88,1584,89,1,1
88,1585,89,1,1
89,1584,90,2,1
89,1585,90,2,1
90,1584,91,2,1
90,1585,91,2,1
91,1584,92,2,1
91,1585,92,2,1
92,1584,93,2,1
92,1585,70,0,3
93,1584,115,3,0
93,1585,1585,4,0
94,1584,116,3,0
94,1585,93,1,2
95,1584,117,3,0
95,1585,94,1,2
96,1584,118,3,0
96,1585,95,1,2
97,1584,96,1,2
97,1585,96,1,2
98,1584,97,1,2
98,1585,97,1,2
99,1584,98,1,2
99,1585,98,1,2
100,1584,99,1,2
100,1585,99,1,2
101,1584,123,3,0
101,1585,100,1,2
102,1584,124,3,0
102,1585,101,1,2
103,1584,125,3,0
103,1585,102,1,2
104,1584,126,3,0
104,1585,82,0,3
105,1584,104,1,2
105,1585,106,2,1
106,1584,105,1,2
106,1585,107,2,1
107,1584,108,2,1
107,1585,108,2,1
108,1584,109,2,1
108,1585,109,2,1
109,1584,88,2,3
109,1585,88,2,3
110,1584,111,1,1
110,1585,111,1,1
111,1584,112,2,1
111,1585,112,2,1
112,1584,113,2,1
112,1585,113,2,1
113,1584,114,2,1
113,1585,114,2,1
114,1584,115,2,1
114,1585,1585,4,0
115,1584,137,3,0
115,1585,93,0,3
116,1584,138,3,0
116,1585,115,1,2
117,1584,139,3,0
117,1585,116,1,2
118,1584,140,3,0
118,1585,117,1,2
119,1584,118,1,2
119,1585,118,1,2
120,1584,119,1,2
120,1585,119,1,2
121,1584,120,1,2
121,1585,120,1,2
122,1584,121,1,2
122,1585,121,1,2
123,1584,145,3,0
123,1585,122,1,2
124,1584,146,3,0
124,1585,123,1,2
125,1584,147,3,0
125,1585,124,1,2
126,1584,148,3,0
126,1585,127,2,1
127,1584,126,1,2
127,1585,128,2,1
128,1584,127,1,2
128,1585,129,2,1
129,1584,130,2,1
129,1585,130,2,1
130,1584,131,2,1
130,1585,131,2,1
131,1584,110,2,3
131,1585,110,2,3
132,1584,133,1,1
132,1585,133,1,1
133,1584,134,2,1
133,1585,134,2,1
134,1584,135,2,1
134,1585,135,2,1
135,1584,136,2,1
135,1585,136,2,1
136,1584,137,2,1
136,1585,1585,4,0
137,1584,159,3,0
137,1585,115,0,3
138,1584,160,3,0
138,1585,137,1,2
139,1584,161,3,0
139,1585,138,1,2
140,1584,162,3,0
140,1585,139,1,2
141,1584,140,1,2
141,1585,140,1,2
142,1584,141,1,2
142,1585,141,1,2
143,1584,142,1,2
143,1585,142,1,2
144,1584,143,1,2
144,1585,143,1,2
145,1584,167,3,0
145,1585,144,1,2
146,1584,168,3,0
146,1585,145,1,2
147,1584,169,3,0
147,1585,146,1,2
148,1584,170,3,0
148,1585,149,2,1
149,1584,148,1,2
149,1585,150,2,1
150,1584,149,1,2
150,1585,151,2,1
151,1584,152,2,1
151,1585,152,2,1
152,1584,153,2,1
152,1585,153,2,1
153,1584,132,2,3
153,1585,132,2,3
154,1584,155,1,1
154,1585,155,1,1
155,1584,156,2,1
155,1585,156,2,1
156,1584,157,2,1
156,1585,157,2,1
157,1584,158,2,1
157,1585,158,2,1
158,1584,159,2,1
158,1585,1585,4,0
159,1584,181,3,0
159,1585,158,1,2
160,1584,182,3,0
160,1585,159,1,2
161,1584,183,3,0
161,1585,160,1,2
162,1584,184,3,0
162,1585,161,1,2
163,1584,162,1,2
163,1585,162,1,2
164,1584,163,1,2
164,1585,163,1,2
165,1584,164,1,2
165,1585,164,1,2
166,1584,165,1,2
166,1585,165,1,2
167,1584,189,3,0
167,1585,166,1,2
168,1584,190,3,0
168,1585,167,1,2
169,1584,191,3,0
169,1585,170,2,1
170,1584,192,3,0
170,1585,171,2,1
171,1584,170,1,2
171,1585,172,2,1
172,1584,171,1,2
172,1585,173,2,1
173,1584,174,2,1
173,1585,174,2,1
174,1584,175,2,1
174,1585,175,2,1
175,1584,154,2,3
175,1585,154,2,3
176,1584,177,1,1
176,1585,177,1,1
177,1584,178,2,1
177,1585,178,2,1
178,1584,179,2,1
178,1585,179,2,1
179,1584,180,2,1
179,1585,201,3,0
180,1584,181,2,1
180,1585,1585,4,0
181,1584,203,3,0
181,1585,180,1,2
182,1584,204,3,0
182,1585,181,1,2
183,1584,205,3,0
183,1585,182,1,2
184,1584,206,3,0
184,1585,183,1,2
185,1584,184,1,2
185,1585,184,1,2
186,1584,185,1,2
186,1585,185,1,2
187,1584,186,1,2
187,1585,186,1,2
188,1584,187,1,2
188,1585,187,1,2
189,1584,211,3,0
189,1585,188,1,2
190,1584,212,3,0
190,1585,189,1,2
191,1584,213,3,0
191,1585,192,2,1
192,1584,214,3,0
192,1585,214,3,0
193,1584,192,1,2
193,1585,215,3,0
194,1584,193,1,2
194,1585,195,2,1
195,1584,196,2,1
195,1585,196,2,1
196,1584,197,2,1
196,1585,197,2,1
197,1584,176,2,3
197,1585,176,2,3
198,1584,199,1,1
198,1585,199,1,1
199,1584,200,2,1
199,1585,200,2,1
200,1584,201,2,1
200,1585,201,2,1
201,1584,202,2,1
201,1585,1585,4,0
202,1584,203,2,1
202,1585,224,3,0
203,1584,225,3,0
203,1585,225,3,0
204,1584,226,3,0
204,1585,203,1,2
205,1584,227,3,0
205,1585,204,1,2
206,1584,228,3,0
206,1585,205,1,2
207,1584,206,1,2
207,1585,206,1,2
208,1584,207,1,2
208,1585,207,1,2
209,1584,208,1,2
209,1585,208,1,2
210,1584,209,1,2
210,1585,209,1,2
211,1584,233,3,0
211,1585,210,1,2
212,1584,234,3,0
212,1585,211,1,2
213,1584,235,3,0
213,1585,214,2,1
214,1584,236,3,0
214,1585,215,2,1
215,1584,214,1,2
215,1585,216,2,1
216,1584,215,1,2
216,1585,217,2,1
217,1584,218,2,1
217,1585,218,2,1
218,1584,219,2,1
218,1585,219,2,1
219,1584,198,2,3
219,1585,198,2,3
220,1584,221,1,1
220,1585,221,1,1
221,1584,222,2,1
221,1585,222,2,1
222,1584,223,2,1
222,1585,223,2,1
223,1584,224,2,1
223,1585,201,0,3
224,1584,225,2,1
224,1585,1585,4,0
225,1584,247,3,0
225,1585,224,1,2
226,1584,248,3,0
226,1585,225,1,2
227,1584,249,3,0
227,1585,226,1,2
228,1584,250,3,0
228,1585,227,1,2
229,1584,228,1,2
229,1585,228,1,2
230,1584,229,1,2
230,1585,229,1,2
231,1584,230,1,2
231,1585,230,1,2
232,1584,231,1,2
232,1585,231,1,2
233,1584,255,3,0
233,1585,232,1,2
234,1584,256,3,0
234,1585,233,1,2
235,1584,257,3,0
235,1585,236,2,1
236,1584,258,3,0
236,1585,214,0,3
237,1584,236,1,2
237,1585,215,0,3
238,1584,237,1,2
238,1585,239,2,1
239,1584,240,2,1
239,1585,240,2,1
240,1584,241,2,1
240,1585,241,2,1
241,1584,220,2,3
241,1585,220,2,3
242,1584,243,1,1
242,1585,243,1,1
243,1584,244,2,1
243,1585,244,2,1
244,1584,245,2,1
244,1585,245,2,1
245,1584,246,2,1
245,1585,1585,4,0
246,1584,247,2,1
246,1585,224,0,3
247,1584,269,3,0
247,1585,225,0,3
248,1584,270,3,0
248,1585,247,1,2
249,1584,271,3,0
249,1585,248,1,2
250,1584,272,3,0
250,1585,249,1,2
251,1584,250,1,2
251,1585,250,1,2
252,1584,251,1,2
252,1585,251,1,2
253,1584,252,1,2
253,1585,252,1,2
254,1584,253,1,2
254,1585,253,1,2
255,1584,277,3,0
255,1585,254,1,2
256,1584,278,3,0
256,1585,255,1,2
257,1584,279,3,0
257,1585,258,2,1
258,1584,280,3,0
258,1585,259,2,1
259,1584,258,1,2
259,1585,260,2,1
260,1584,259,1,2
260,1585,261,2,1
261,1584,262,2,1
261,1585,262,2,1
262,1584,263,2,1
262,1585,263,2,1
263,1584,242,2,3
263,1585,242,2,3
264,1584,265,1,1
264,1585,265,1,1
265,1584,266,2,1
265,1585,266,2,1
266,1584,267,2,1
266,1585,267,2,1
267,1584,268,2,1
267,1585,245,0,3
268,1584,269,2,1
268,1585,246,0,3
269,1584,291,3,0
269,1585,247,0,3
270,1584,292,3,0
270,1585,269,1,2
271,1584,293,3,0
271,1585,270,1,2
272,1584,294,3,0
272,1585,271,1,2
273,1584,272,1,2
273,1585,272,1,2
274,1584,273,1,2
274,1585,273,1,2
275,1584,274,1,2
275,1585,274,1,2
276,1584,275,1,2
276,1585,275,1,2
277,1584,299,3,0
277,1585,276,1,2
278,1584,300,3,0
278,1585,277,1,2
279,1584,301,3,0
279,1585,280,2,1
280,1584,302,3,0
280,1585,258,0,3
281,1584,280,1,2
281,1585,259,0,3
282,1584,281,1,2
282,1585,283,2,1
283,1584,284,2,1
283,1585,284,2,1
284,1584,285,2,1
284,1585,285,2,1
285,1584,264,2,3
285,1585,264,2,3
286,1584,287,1,1
286,1585,287,1,1
287,1584,288,2,1
287,1585,288,2,1
288,1584,289,2,1
288,1585,289,2,1
289,1584,290,2,1
289,1585,267,0,3
290,1584,291,2,1
290,1585,268,0,3
291,1584,313,3,0
291,1585,269,0,3
292,1584,314,3,0
292,1585,291,1,2
293,1584,315,3,0
293,1585,292,1,2
294,1584,316,3,0
294,1585,293,1,2
295,1584,294,1,2
295,1585,294,1,2
296,1584,295,1,2
296,1585,295,1,2
297,1584,296,1,2
297,1585,296,1,2
298,1584,297,1,2
298,1585,297,1,2
299,1584,321,3,0
299,1585,298,1,2
300,1584,322,3,0
300,1585,299,1,2
301,1584,323,3,0
301,1585,302,2,1
302,1584,324,3,0
302,1585,280,0,3
303,1584,302,1,2
303,1585,281,0,3
304,1584,303,1,2
304,1585,305,2,1
305,1584,306,2,1
305,1585,306,2,1
306,1584,307,2,1
306,1585,307,2,1
307,1584,286,2,3
307,1585,286,2,3
308,1584,309,1,1
308,1585,309,1,1
309,1584,310,2,1
309,1585,310,2,1
310,1584,311,2,1
310,1585,311,2,1
311,1584,312,2,1
311,1585,289,0,3
312,1584,313,2,1
312,1585,290,0,3
313,1584,335,3,0
313,1585,291,0,3
314,1584,336,3,0
314,1585,313,1,2
315,1584,337,3,0
315,1585,314,1,2
316,1584,1584,4,0
316,1585,315,1,2
317,1584,316,1,2
317,1585,316,1,2
318,1584,317,1,2
318,1585,317,1,2
319,1584,318,1,2
319,1585,318,1,2
320,1584,319,1,2
320,1585,319,1,2
321,1584,320,1,2
321,1585,320,1,2
322,1584,321,1,2
322,1585,321,1,2
323,1584,322,1,2
323,1585,324,2,1
324,1584,323,1,2
324,1585,302,0,3
325,1584,324,1,2
325,1585,303,0,3
326,1584,325,1,2
326,1585,327,2,1
327,1584,328,2,1
327,1585,328,2,1
328,1584,329,2,1
328,1585,329,2,1
329,1584,308,2,3
329,1585,308,2,3
330,1584,331,1,1
330,1585,331,1,1
331,1584,332,2,1
331,1585,332,2,1
332,1584,333,2,1
332,1585,333,2,1
333,1584,334,2,1
333,1585,311,0,3
334,1584,335,2,1
334,1585,312,0,3
335,1584,336,2,1
335,1585,313,0,3
336,1584,337,2,1
336,1585,335,1,2
337,1584,1584,4,0
337,1585,336,1,2
338,1584,360,3,0
338,1585,337,1,2
339,1584,338,1,2
339,1585,338,1,2
340,1584,339,1,2
340,1585,339,1,2
341,1584,340,1,2
341,1585,340,1,2
342,1584,341,1,2
342,1585,341,1,2
343,1584,365,3,0
343,1585,342,1,2
344,1584,366,3,0
344,1585,343,1,2
345,1584,367,3,0
345,1585,346,2,1
346,1584,368,3,0
346,1585,324,0,3
347,1584,346,1,2
347,1585,325,0,3
348,1584,347,1,2
348,1585,349,2,1
349,1584,350,2,1
349,1585,350,2,1
350,1584,351,2,1
350,1585,351,2,1
351,1584,330,2,3
351,1585,330,2,3
352,1584,353,1,1
352,1585,353,1,1
353,1584,354,2,1
353,1585,354,2,1
354,1584,355,2,1
354,1585,355,2,1
355,1584,356,2,1
355,1585,333,0,3
356,1584,357,2,1
356,1585,334,0,3
357,1584,335,0,3
357,1585,335,0,3
358,1584,336,0,3
358,1585,357,1,2
359,1584,337,0,3
359,1585,358,1,2
360,1584,1584,4,0
360,1585,359,1,2
361,1584,360,1,2
361,1585,360,1,2
362,1584,361,1,2
362,1585,361,1,2
363,1584,362,1,2
363,1585,362,1,2
364,1584,363,1,2
364,1585,363,1,2
365,1584,364,1,2
365,1585,364,1,2
366,1584,365,1,2
366,1585,365,1,2
367,1584,366,1,2
367,1585,368,2,1
368,1584,367,1,2
368,1585,346,0,3
369,1584,368,1,2
369,1585,347,0,3
370,1584,369,1,2
370,1585,371,2,1
371,1584,372,2,1
371,1585,372,2,1
372,1584,373,2,1
372,1585,373,2,1
373,1584,352,2,3
373,1585,352,2,3
374,1584,375,1,1
374,1585,375,1,1
375,1584,376,2,1
375,1585,376,2,1
376,1584,377,2,1
376,1585,377,2,1
377,1584,378,2,1
377,1585,355,0,3
378,1584,379,2,1
378,1585,356,0,3
379,1584,380,2,1
379,1585,357,0,3
380,1584,381,2,1
380,1585,379,1,2
381,1584,1584,4,0
381,1585,380,1,2
382,1584,360,0,3
382,1585,381,1,2
383,1584,382,1,2
383,1585,382,1,2
384,1584,383,1,2
384,1585,383,1,2
385,1584,384,1,2
385,1585,384,1,2
386,1584,385,1,2
386,1585,385,1,2
387,1584,365,0,3
387,1585,386,1,2
388,1584,366,0,3
388,1585,387,1,2
389,1584,367,0,3
389,1585,390,2,1
390,1584,368,0,3
390,1585,368,0,3
391,1584,390,1,2
391,1585,369,0,3
392,1584,391,1,2
392,1585,393,2,1
393,1584,394,2,1
393,1585,394,2,1
394,1584,395,2,1
394,1585,395,2,1
395,1584,374,2,3
395,1585,374,2,3
396,1584,397,1,1
396,1585,397,1,1
397,1584,398,2,1
397,1585,398,2,1
398,1584,399,2,1
398,1585,399,2,1
399,1584,400,2,1
399,1585,377,0,3
400,1584,401,2,1
400,1585,378,0,3
401,1584,402,2,1
401,1585,379,0,3
402,1584,403,2,1
402,1585,401,1,2
403,1584,1584,4,0
403,1585,402,1,2
404,1584,403,1,2
404,1585,403,1,2
405,1584,404,1,2
405,1585,404,1,2
406,1584,405,1,2
406,1585,405,1,2
407,1584,406,1,2
407,1585,406,1,2
408,1584,407,1,2
408,1585,407,1,2
409,1584,408,1,2
409,1585,408,1,2
410,1584,409,1,2
410,1585,409,1,2
411,1584,389,0,3
411,1585,412,2,1
412,1584,390,0,3
412,1585,390,0,3
413,1584,412,1,2
413,1585,391,0,3
414,1584,413,1,2
414,1585,415,2,1
415,1584,416,2,1
415,1585,416,2,1
416,1584,417,2,1
416,1585,417,2,1
417,1584,396,2,3
417,1585,396,2,3
418,1584,419,1,1
418,1585,419,1,1
419,1584,420,2,1
419,1585,420,2,1
420,1584,421,2,1
420,1585,421,2,1
421,1584,422,2,1
421,1585,399,0,3
422,1584,423,2,1
422,1585,400,0,3
423,1584,445,3,0
423,1585,401,0,3
424,1584,446,3,0
424,1585,423,1,2
425,1584,447,3,0
425,1585,424,1,2
426,1584,425,1,2
426,1585,425,1,2
427,1584,426,1,2
427,1585,426,1,2
428,1584,427,1,2
428,1585,427,1,2
429,1584,428,1,2
429,1585,428,1,2
430,1584,429,1,2
430,1585,429,1,2
431,1584,430,1,2
431,1585,430,1,2
432,1584,454,3,0
432,1585,431,1,2
433,1584,455,3,0
433,1585,434,2,1
434,1584,456,3,0
434,1585,412,0,3
435,1584,434,1,2
435,1585,413,0,3
436,1584,435,1,2
436,1585,437,2,1
437,1584,438,2,1
437,1585,438,2,1
438,1584,439,2,1
438,1585,439,2,1
439,1584,418,2,3
439,1585,418,2,3
440,1584,441,1,1
440,1585,441,1,1
441,1584,442,2,1
441,1585,442,2,1
442,1584,443,2,1
442,1585,443,2,1
443,1584,444,2,1
443,1585,421,0,3
444,1584,445,2,1
444,1585,422,0,3
445,1584,446,2,1
445,1585,423,0,3
446,1584,447,2,1
446,1585,445,1,2
447,1584,1584,4,0
447,1585,446,1,2
448,1584,447,1,2
448,1585,447,1,2
449,1584,448,1,2
449,1585,448,1,2
450,1584,449,1,2
450,1585,449,1,2
451,1584,450,1,2
451,1585,450,1,2
452,1584,451,1,2
452,1585,451,1,2
453,1584,452,1,2
453,1585,452,1,2
454,1584,453,1,2
454,1585,453,1,2
455,1584,454,1,2
455,1585,456,2,1
456,1584,455,1,2
456,1585,434,0,3
457,1584,456,1,2
457,1585,435,0,3
458,1584,457,1,2
458,1585,459,2,1
459,1584,460,2,1
459,1585,460,2,1
460,1584,461,2,1
460,1585,461,2,1
461,1584,440,2,3
461,1585,440,2,3
462,1584,463,1,1
462,1585,463,1,1
463,1584,464,2,1
463,1585,464,2,1
464,1584,465,2,1
464,1585,465,2,1
465,1584,466,2,1
465,1585,443,0,3
466,1584,467,2,1
466,1585,444,0,3
467,1584,445,0,3
467,1585,445,0,3
468,1584,446,0,3
468,1585,467,1,2
469,1584,447,0,3
469,1585,468,1,2
470,1584,469,1,2
470,1585,469,1,2
471,1584,470,1,2
471,1585,470,1,2
472,1584,471,1,2
472,1585,471,1,2
473,1584,472,1,2
473,1585,472,1,2
474,1584,473,1,2
474,1585,473,1,2
475,1584,474,1,2
475,1585,474,1,2
476,1584,454,0,3
476,1585,475,1,2
477,1584,455,0,3
477,1585,478,2,1
478,1584,456,0,3
478,1585,456,0,3
479,1584,478,1,2
479,1585,457,0,3
480,1584,479,1,2
480,1585,481,2,1
481,1584,482,2,1
481,1585,482,2,1
482,1584,483,2,1
482,1585,483,2,1
483,1584,462,2,3
483,1585,462,2,3
484,1584,485,1,1
484,1585,485,1,1
485,1584,486,2,1
485,1585,486,2,1
486,1584,487,2,1
486,1585,487,2,1
487,1584,488,2,1
487,1585,465,0,3
488,1584,489,2,1
488,1585,466,0,3
489,1584,467,0,3
489,1585,467,0,3
490,1584,468,0,3
490,1585,489,1,2
491,1584,469,0,3
491,1585,490,1,2
492,1584,491,1,2
492,1585,491,1,2
493,1584,492,1,2
493,1585,492,1,2
494,1584,493,1,2
494,1585,493,1,2
495,1584,494,1,2
495,1585,494,1,2
496,1584,495,1,2
496,1585,495,1,2
497,1584,496,1,2
497,1585,496,1,2
498,1584,476,0,3
498,1585,497,1,2
499,1584,477,0,3
499,1585,500,2,1
500,1584,478,0,3
500,1585,478,0,3
501,1584,500,1,2
501,1585,479,0,3
502,1584,501,1,2
502,1585,503,2,1
503,1584,504,2,1
503,1585,504,2,1
504,1584,505,2,1
504,1585,505,2,1
505,1584,484,2,3
505,1585,484,2,3
506,1584,507,1,1
506,1585,507,1,1
507,1584,508,2,1
507,1585,508,2,1
508,1584,509,2,1
508,1585,509,2,1
509,1584,510,2,1
509,1585,487,0,3
510,1584,511,2,1
510,1585,488,0,3
511,1584,489,0,3
511,1585,489,0,3
512,1584,490,0,3
512,1585,511,1,2
513,1584,491,0,3
513,1585,512,1,2
514,1584,513,1,2
514,1585,513,1,2
515,1584,514,1,2
515,1585,514,1,2
516,1584,515,1,2
516,1585,515,1,2
517,1584,516,1,2
517,1585,516,1,2
518,1584,517,1,2
518,1585,517,1,2
519,1584,518,1,2
519,1585,518,1,2
520,1584,498,0,3
520,1585,519,1,2
521,1584,499,0,3
521,1585,522,2,1
522,1584,500,0,3
522,1585,500,0,3
523,1584,522,1,2
523,1585,501,0,3
524,1584,523,1,2
524,1585,525,2,1
525,1584,526,2,1
525,1585,526,2,1
526,1584,527,2,1
526,1585,527,2,1
527,1584,506,2,3
527,1585,506,2,3
528,1584,529,1,1
528,1585,529,1,1
529,1584,530,2,1
529,1585,530,2,1
530,1584,531,2,1
530,1585,531,2,1
531,1584,532,2,1
531,1585,509,0,3
532,1584,533,2,1
532,1585,510,0,3
533,1584,511,0,3
533,1585,511,0,3
534,1584,512,0,3
534,1585,533,1,2
535,1584,513,0,3
535,1585,534,1,2
536,1584,535,1,2
536,1585,535,1,2
537,1584,536,1,2
537,1585,536,1,2
538,1584,537,1,2
538,1585,537,1,2
539,1584,538,1,2
539,1585,538,1,2
540,1584,539,1,2
540,1585,539,1,2
541,1584,540,1,2
541,1585,540,1,2
542,1584,520,0,3
542,1585,541,1,2
543,1584,521,0,3
543,1585,544,2,1
544,1584,522,0,3
544,1585,522,0,3
545,1584,544,1,2
545,1585,523,0,3
546,1584,568,3,0
546,1585,547,2,1
547,1584,548,2,1
547,1585,548,2,1
548,1584,549,2,1
548,1585,549,2,1
549,1584,528,2,3
549,1585,528,2,3
550,1584,551,1,1
550,1585,551,1,1
551,1584,552,2,1
551,1585,552,2,1
552,1584,574,3,0
552,1585,553,2,1
553,1584,575,3,0
553,1585,531,0,3
554,1584,555,2,1
554,1585,532,0,3
555,1584,533,0,3
555,1585,533,0,3
556,1584,534,0,3
556,1585,555,1,2
557,1584,535,0,3
557,1585,556,1,2
558,1584,557,1,2
558,1585,557,1,2
559,1584,558,1,2
559,1585,558,1,2
560,1584,559,1,2
560,1585,559,1,2
561,1584,560,1,2
561,1585,560,1,2
562,1584,561,1,2
562,1585,561,1,2
563,1584,562,1,2
563,1585,562,1,2
564,1584,542,0,3
564,1585,563,1,2
565,1584,543,0,3
565,1585,566,2,1
566,1584,544,0,3
566,1585,544,0,3
567,1584,566,1,2
567,1585,545,0,3
568,1584,590,3,0
568,1585,569,2,1
569,1584,570,2,1
569,1585,570,2,1
570,1584,571,2,1
570,1585,571,2,1
571,1584,550,2,3
571,1585,550,2,3
572,1584,573,1,1
572,1585,573,1,1
573,1584,574,2,1
573,1585,574,2,1
574,1584,596,3,0
574,1585,575,2,1
575,1584,597,3,0
575,1585,553,0,3
576,1584,598,3,0
576,1585,554,0,3
577,1584,555,0,3
577,1585,555,0,3
578,1584,556,0,3
578,1585,577,1,2
579,1584,557,0,3
579,1585,578,1,2
580,1584,579,1,2
580,1585,579,1,2
581,1584,580,1,2
581,1585,580,1,2
582,1584,581,1,2
582,1585,581,1,2
583,1584,582,1,2
583,1585,582,1,2
584,1584,583,1,2
584,1585,583,1,2
585,1584,584,1,2
585,1585,584,1,2
586,1584,564,0,3
586,1585,585,1,2
587,1584,565,0,3
587,1585,588,2,1
588,1584,566,0,3
588,1585,566,0,3
589,1584,611,3,0
589,1585,567,0,3
590,1584,612,3,0
590,1585,591,2,1
591,1584,592,2,1
591,1585,592,2,1
592,1584,593,2,1
592,1585,593,2,1
593,1584,572,2,3
593,1585,572,2,3
594,1584,595,1,1
594,1585,595,1,1
595,1584,596,2,1
595,1585,596,2,1
596,1584,618,3,0
596,1585,597,2,1
597,1584,619,3,0
597,1585,575,0,3
598,1584,620,3,0
598,1585,576,0,3
599,1584,577,0,3
599,1585,577,0,3
600,1584,578,0,3
600,1585,599,1,2
601,1584,579,0,3
601,1585,600,1,2
602,1584,601,1,2
602,1585,601,1,2
603,1584,602,1,2
603,1585,602,1,2
604,1584,603,1,2
604,1585,603,1,2
605,1584,604,1,2
605,1585,604,1,2
606,1584,605,1,2
606,1585,605,1,2
607,1584,606,1,2
607,1585,606,1,2
608,1584,586,0,3
608,1585,607,1,2
609,1584,587,0,3
609,1585,610,2,1
610,1584,588,0,3
610,1585,588,0,3
611,1584,633,3,0
611,1585,589,0,3
612,1584,634,3,0
612,1585,613,2,1
613,1584,614,2,1
613,1585,614,2,1
614,1584,615,2,1
614,1585,615,2,1
615,1584,594,2,3
615,1585,594,2,3
616,1584,617,1,1
616,1585,617,1,1
617,1584,618,2,1
617,1585,618,2,1
618,1584,640,3,0
618,1585,619,2,1
619,1584,641,3,0
619,1585,597,0,3
620,1584,642,3,0
620,1585,598,0,3
621,1584,643,3,0
621,1585,599,0,3
622,1584,600,0,3
622,1585,621,1,2
623,1584,601,0,3
623,1585,622,1,2
624,1584,623,1,2
624,1585,623,1,2
625,1584,624,1,2
625,1585,624,1,2
626,1584,625,1,2
626,1585,625,1,2
627,1584,626,1,2
627,1585,626,1,2
628,1584,627,1,2
628,1585,627,1,2
629,1584,628,1,2
629,1585,628,1,2
630,1584,608,0,3
630,1585,629,1,2
631,1584,609,0,3
631,1585,632,2,1
632,1584,654,3,0
632,1585,610,0,3
633,1584,655,3,0
633,1585,611,0,3
634,1584,656,3,0
634,1585,635,2,1
635,1584,636,2,1
635,1585,636,2,1
636,1584,637,2,1
636,1585,637,2,1
637,1584,616,2,3
637,1585,616,2,3
638,1584,639,1,1
638,1585,639,1,1
639,1584,640,2,1
639,1585,640,2,1
640,1584,662,3,0
640,1585,641,2,1
641,1584,663,3,0
641,1585,619,0,3
642,1584,664,3,0
642,1585,620,0,3
643,1584,665,3,0
643,1585,621,0,3
644,1584,622,0,3
644,1585,643,1,2
645,1584,623,0,3
645,1585,644,1,2
646,1584,645,1,2
646,1585,645,1,2
647,1584,646,1,2
647,1585,646,1,2
648,1584,647,1,2
648,1585,647,1,2
649,1584,648,1,2
649,1585,648,1,2
650,1584,649,1,2
650,1585,649,1,2
651,1584,650,1,2
651,1585,650,1,2
652,1584,630,0,3
652,1585,651,1,2
653,1584,631,0,3
653,1585,654,2,1
654,1584,676,3,0
654,1585,632,0,3
655,1584,677,3,0
655,1585,633,0,3
656,1584,678,3,0
656,1585,657,2,1
657,1584,658,2,1
657,1585,658,2,1
658,1584,659,2,1
658,1585,659,2,1
659,1584,638,2,3
659,1585,638,2,3
660,1584,661,1,1
660,1585,661,1,1
661,1584,662,2,1
661,1585,662,2,1
662,1584,684,3,0
662,1585,663,2,1
663,1584,685,3,0
663,1585,641,0,3
664,1584,686,3,0
664,1585,642,0,3
665,1584,687,3,0
665,1585,643,0,3
666,1584,665,1,2
666,1585,665,1,2
667,1584,645,0,3
667,1585,666,1,2
668,1584,667,1,2
668,1585,667,1,2
669,1584,668,1,2
669,1585,668,1,2
670,1584,669,1,2
670,1585,669,1,2
671,1584,670,1,2
671,1585,670,1,2
672,1584,671,1,2
672,1585,671,1,2
673,1584,672,1,2
673,1585,672,1,2
674,1584,652,0,3
674,1585,673,1,2
675,1584,676,2,1
675,1585,676,2,1
676,1584,698,3,0
676,1585,654,0,3
677,1584,699,3,0
677,1585,655,0,3
678,1584,700,3,0
678,1585,679,2,1
679,1584,680,2,1
679,1585,680,2,1
680,1584,681,2,1
680,1585,681,2,1
681,1584,660,2,3
681,1585,660,2,3
682,1584,683,1,1
682,1585,683,1,1
683,1584,684,2,1
683,1585,684,2,1
684,1584,706,3,0
684,1585,685,2,1
685,1584,707,3,0
685,1585,663,0,3
686,1584,708,3,0
686,1585,664,0,3
687,1584,709,3,0
687,1585,665,0,3
688,1584,687,1,2
688,1585,687,1,2
689,1584,667,0,3
689,1585,688,1,2
690,1584,689,1,2
690,1585,689,1,2
691,1584,690,1,2
691,1585,690,1,2
692,1584,691,1,2
692,1585,691,1,2
693,1584,692,1,2
693,1585,692,1,2
694,1584,693,1,2
694,1585,693,1,2
695,1584,694,1,2
695,1585,694,1,2
696,1584,674,0,3
696,1585,695,1,2
697,1584,698,2,1
697,1585,698,2,1
698,1584,720,3,0
698,1585,676,0,3
699,1584,721,3,0
699,1585,677,0,3
700,1584,722,3,0
700,1585,701,2,1
701,1584,702,2,1
701,1585,702,2,1
702,1584,703,2,1
702,1585,703,2,1
703,1584,682,2,3
703,1585,682,2,3
704,1584,705,1,1
704,1585,705,1,1
705,1584,706,2,1
705,1585,706,2,1
706,1584,728,3,0
706,1585,707,2,1
707,1584,729,3,0
707,1585,685,0,3
708,1584,730,3,0
708,1585,686,0,3
709,1584,731,3,0
709,1585,687,0,3
710,1584,709,1,2
710,1585,709,1,2
711,1584,710,1,2
711,1585,710,1,2
712,1584,711,1,2
712,1585,711,1,2
713,1584,712,1,2
713,1585,712,1,2
714,1584,713,1,2
714,1585,713,1,2
715,1584,714,1,2
715,1585,714,1,2
716,1584,715,1,2
716,1585,715,1,2
717,1584,716,1,2
717,1585,716,1,2
718,1584,719,2,1
718,1585,717,1,2
719,1584,720,2,1
719,1585,720,2,1
720,1584,742,3,0
720,1585,698,0,3
721,1584,743,3,0
721,1585,699,0,3
722,1584,744,3,0
722,1585,723,2,1
723,1584,724,2,1
723,1585,724,2,1
724,1584,725,2,1
724,1585,725,2,1
725,1584,704,2,3
725,1585,704,2,3
726,1584,727,1,1
726,1585,727,1,1
727,1584,728,2,1
727,1585,728,2,1
728,1584,750,3,0
728,1585,729,2,1
729,1584,751,3,0
729,1585,707,0,3
730,1584,752,3,0
730,1585,708,0,3
731,1584,753,3,0
731,1585,709,0,3
732,1584,731,1,2
732,1585,731,1,2
733,1584,732,1,2
733,1585,732,1,2
734,1584,733,1,2
734,1585,733,1,2
735,1584,734,1,2
735,1585,734,1,2
736,1584,735,1,2
736,1585,735,1,2
737,1584,736,1,2
737,1585,736,1,2
738,1584,737,1,2
738,1585,737,1,2
739,1584,738,1,2
739,1585,738,1,2
740,1584,741,2,1
740,1585,739,1,2
741,1584,742,2,1
741,1585,742,2,1
742,1584,764,3,0
742,1585,720,0,3
743,1584,765,3,0
743,1585,721,0,3
744,1584,766,3,0
744,1585,745,2,1
745,1584,746,2,1
745,1585,746,2,1
746,1584,747,2,1
746,1585,747,2,1
747,1584,726,2,3
747,1585,726,2,3
748,1584,749,1,1
748,1585,749,1,1
749,1584,750,2,1
749,1585,750,2,1
750,1584,772,3,0
750,1585,751,2,1
751,1584,773,3,0
751,1585,729,0,3
752,1584,774,3,0
752,1585,730,0,3
753,1584,775,3,0
753,1585,731,0,3
754,1584,753,1,2
754,1585,753,1,2
755,1584,754,1,2
755,1585,754,1,2
756,1584,755,1,2
756,1585,755,1,2
757,1584,756,1,2
757,1585,756,1,2
758,1584,757,1,2
758,1585,757,1,2
759,1584,758,1,2
759,1585,758,1,2
760,1584,759,1,2
760,1585,759,1,2
761,1584,760,1,2
761,1585,760,1,2
762,1584,763,2,1
762,1585,761,1,2
763,1584,764,2,1
763,1585,764,2,1
764,1584,786,3,0
764,1585,742,0,3
765,1584,787,3,0
765,1585,743,0,3
766,1584,788,3,0
766,1585,767,2,1
767,1584,768,2,1
767,1585,768,2,1
768,1584,769,2,1
768,1585,769,2,1
769,1584,748,2,3
769,1585,748,2,3
770,1584,771,1,1
770,1585,771,1,1
771,1584,772,2,1
771,1585,772,2,1
772,1584,794,3,0
772,1585,773,2,1
773,1584,795,3,0
773,1585,751,0,3
774,1584,796,3,0
774,1585,752,0,3
775,1584,797,3,0
775,1585,753,0,3
776,1584,775,1,2
776,1585,775,1,2
777,1584,776,1,2
777,1585,776,1,2
778,1584,777,1,2
778,1585,777,1,2
779,1584,778,1,2
779,1585,778,1,2
780,1584,779,1,2
780,1585,779,1,2
781,1584,780,1,2
781,1585,780,1,2
782,1584,781,1,2
782,1585,781,1,2
783,1584,782,1,2
783,1585,782,1,2
784,1584,785,2,1
784,1585,783,1,2
785,1584,786,2,1
785,1585,786,2,1
786,1584,808,3,0
786,1585,764,0,3
787,1584,809,3,0
787,1585,765,0,3
788,1584,810,3,0
788,1585,789,2,1
789,1584,790,2,1
789,1585,790,2,1
790,1584,791,2,1
790,1585,791,2,1
791,1584,770,2,3
791,1585,770,2,3
792,1584,793,1,1
792,1585,793,1,1
793,1584,794,2,1
793,1585,794,2,1
794,1584,816,3,0
794,1585,795,2,1
795,1584,1584,4,0
795,1585,773,0,3
796,1584,795,1,2
796,1585,774,0,3
797,1584,796,1,2
797,1585,775,0,3
798,1584,797,1,2
798,1585,820,3,0
799,1584,798,1,2
799,1585,798,1,2
800,1584,799,1,2
800,1585,799,1,2
801,1584,800,1,2
801,1585,800,1,2
802,1584,801,1,2
802,1585,801,1,2
803,1584,802,1,2
803,1585,802,1,2
804,1584,803,1,2
804,1585,803,1,2
805,1584,804,1,2
805,1585,804,1,2
806,1584,807,2,1
806,1585,805,1,2
807,1584,808,2,1
807,1585,808,2,1
808,1584,830,3,0
808,1585,786,0,3
809,1584,831,3,0
809,1585,787,0,3
810,1584,832,3,0
810,1585,811,2,1
811,1584,812,2,1
811,1585,812,2,1
812,1584,813,2,1
812,1585,813,2,1
813,1584,792,2,3
813,1585,792,2,3
814,1584,815,1,1
814,1585,815,1,1
815,1584,816,2,1
815,1585,816,2,1
816,1584,1584,4,0
816,1585,817,2,1
817,1584,839,3,0
817,1585,795,0,3
818,1584,840,3,0
818,1585,796,0,3
819,1584,841,3,0
819,1585,797,0,3
820,1584,819,1,2
820,1585,842,3,0
821,1584,820,1,2
821,1585,820,1,2
822,1584,821,1,2
822,1585,821,1,2
823,1584,822,1,2
823,1585,822,1,2
824,1584,823,1,2
824,1585,823,1,2
825,1584,824,1,2
825,1585,824,1,2
826,1584,825,1,2
826,1585,825,1,2
827,1584,826,1,2
827,1585,826,1,2
828,1584,829,2,1
828,1585,827,1,2
829,1584,830,2,1
829,1585,830,2,1
830,1584,831,2,1
830,1585,808,0,3
831,1584,832,2,1
831,1585,809,0,3
832,1584,833,2,1
832,1585,833,2,1
833,1584,834,2,1
833,1585,834,2,1
834,1584,835,2,1
834,1585,835,2,1
835,1584,814,2,3
835,1585,814,2,3
836,1584,837,1,1
836,1585,837,1,1
837,1584,838,2,1
837,1585,838,2,1
838,1584,816,0,3
838,1585,839,2,1
839,1584,1584,4,0
839,1585,817,0,3
840,1584,839,1,2
840,1585,818,0,3
841,1584,840,1,2
841,1585,863,3,0
842,1584,841,1,2
842,1585,864,3,0
843,1584,842,1,2
843,1585,842,1,2
844,1584,843,1,2
844,1585,843,1,2
845,1584,844,1,2
845,1585,844,1,2
846,1584,845,1,2
846,1585,845,1,2
847,1584,846,1,2
847,1585,846,1,2
848,1584,847,1,2
848,1585,847,1,2
849,1584,848,1,2
849,1585,848,1,2
850,1584,851,2,1
850,1585,849,1,2
851,1584,852,2,1
851,1585,873,3,0
852,1584,830,0,3
852,1585,830,0,3
853,1584,831,0,3
853,1585,831,0,3
854,1584,832,0,3
854,1585,855,2,1
855,1584,856,2,1
855,1585,856,2,1
856,1584,857,2,1
856,1585,857,2,1
857,1584,836,2,3
857,1585,836,2,3
858,1584,859,1,1
858,1585,859,1,1
859,1584,860,2,1
859,1585,860,2,1
860,1584,1584,4,0
860,1585,861,2,1
861,1584,839,0,3
861,1585,839,0,3
862,1584,840,0,3
862,1585,840,0,3
863,1584,841,0,3
863,1585,885,3,0
864,1584,863,1,2
864,1585,886,3,0
865,1584,864,1,2
865,1585,864,1,2
866,1584,865,1,2
866,1585,865,1,2
867,1584,866,1,2
867,1585,866,1,2
868,1584,867,1,2
868,1585,867,1,2
869,1584,868,1,2
869,1585,868,1,2
870,1584,869,1,2
870,1585,869,1,2
871,1584,870,1,2
871,1585,870,1,2
872,1584,873,2,1
872,1585,871,1,2
873,1584,874,2,1
873,1585,895,3,0
874,1584,875,2,1
874,1585,852,0,3
875,1584,876,2,1
875,1585,853,0,3
876,1584,877,2,1
876,1585,877,2,1
877,1584,878,2,1
877,1585,878,2,1
878,1584,879,2,1
878,1585,879,2,1
879,1584,858,2,3
879,1585,858,2,3
880,1584,881,1,1
880,1585,881,1,1
881,1584,882,2,1
881,1585,882,2,1
882,1584,1584,4,0
882,1585,883,2,1
883,1584,861,0,3
883,1585,861,0,3
884,1584,862,0,3
884,1585,885,2,1
885,1584,863,0,3
885,1585,907,3,0
886,1584,885,1,2
886,1585,908,3,0
887,1584,886,1,2
887,1585,886,1,2
888,1584,887,1,2
888,1585,887,1,2
889,1584,888,1,2
889,1585,888,1,2
890,1584,889,1,2
890,1585,889,1,2
891,1584,890,1,2
891,1585,890,1,2
892,1584,891,1,2
892,1585,891,1,2
893,1584,892,1,2
893,1585,892,1,2
894,1584,895,2,1
894,1585,893,1,2
895,1584,896,2,1
895,1585,917,3,0
896,1584,897,2,1
896,1585,918,3,0
897,1584,898,2,1
897,1585,875,0,3
898,1584,899,2,1
898,1585,899,2,1
899,1584,900,2,1
899,1585,900,2,1
900,1584,901,2,1
900,1585,901,2,1
901,1584,880,2,3
901,1585,880,2,3
902,1584,903,1,1
902,1585,903,1,1
903,1584,904,2,1
903,1585,904,2,1
904,1584,882,0,3
904,1585,905,2,1
905,1584,883,0,3
905,1585,906,2,1
906,1584,884,0,3
906,1585,907,2,1
907,1584,885,0,3
907,1585,929,3,0
908,1584,907,1,2
908,1585,930,3,0
909,1584,908,1,2
909,1585,908,1,2
910,1584,909,1,2
910,1585,909,1,2
911,1584,910,1,2
911,1585,910,1,2
912,1584,911,1,2
912,1585,911,1,2
913,1584,912,1,2
913,1585,912,1,2
914,1584,913,1,2
914,1585,913,1,2
915,1584,914,1,2
915,1585,914,1,2
916,1584,917,2,1
916,1585,915,1,2
917,1584,918,2,1
917,1585,939,3,0
918,1584,896,0,3
918,1585,940,3,0
919,1584,897,0,3
919,1585,918,1,2
920,1584,898,0,3
920,1585,921,2,1
921,1584,922,2,1
921,1585,922,2,1
922,1584,923,2,1
922,1585,923,2,1
923,1584,902,2,3
923,1585,902,2,3
924,1584,925,1,1
924,1585,925,1,1
925,1584,926,2,1
925,1585,926,2,1
926,1584,904,0,3
926,1585,927,2,1
927,1584,905,0,3
927,1585,928,2,1
928,1584,906,0,3
928,1585,929,2,1
929,1584,907,0,3
929,1585,951,3,0
930,1584,929,1,2
930,1585,952,3,0
931,1584,930,1,2
931,1585,930,1,2
932,1584,931,1,2
932,1585,931,1,2
933,1584,932,1,2
933,1585,932,1,2
934,1584,933,1,2
934,1585,933,1,2
935,1584,934,1,2
935,1585,934,1,2
936,1584,935,1,2
936,1585,935,1,2
937,1584,936,1,2
937,1585,936,1,2
938,1584,939,2,1
938,1585,937,1,2
939,1584,940,2,1
939,1585,961,3,0
940,1584,918,0,3
940,1585,962,3,0
941,1584,919,0,3
941,1585,940,1,2
942,1584,920,0,3
942,1585,943,2,1
943,1584,944,2,1
943,1585,944,2,1
944,1584,945,2,1
944,1585,945,2,1
945,1584,924,2,3
945,1585,924,2,3
946,1584,947,1,1
946,1585,947,1,1
947,1584,948,2,1
947,1585,948,2,1
948,1584,926,0,3
948,1585,949,2,1
949,1584,927,0,3
949,1585,950,2,1
950,1584,928,0,3
950,1585,951,2,1
951,1584,929,0,3
951,1585,973,3,0
952,1584,951,1,2
952,1585,974,3,0
953,1584,952,1,2
953,1585,952,1,2
954,1584,953,1,2
954,1585,953,1,2
955,1584,954,1,2
955,1585,954,1,2
956,1584,955,1,2
956,1585,955,1,2
957,1584,956,1,2
957,1585,956,1,2
958,1584,957,1,2
958,1585,957,1,2
959,1584,958,1,2
959,1585,958,1,2
960,1584,961,2,1
960,1585,959,1,2
961,1584,962,2,1
961,1585,983,3,0
962,1584,940,0,3
962,1585,984,3,0
963,1584,941,0,3
963,1585,962,1,2
964,1584,942,0,3
964,1585,965,2,1
965,1584,966,2,1
965,1585,966,2,1
966,1584,967,2,1
966,1585,967,2,1
967,1584,946,2,3
967,1585,946,2,3
968,1584,969,1,1
968,1585,969,1,1
969,1584,970,2,1
969,1585,970,2,1
970,1584,948,0,3
970,1585,971,2,1
971,1584,949,0,3
971,1585,972,2,1
972,1584,950,0,3
972,1585,973,2,1
973,1584,951,0,3
973,1585,995,3,0
974,1584,973,1,2
974,1585,996,3,0
975,1584,974,1,2
975,1585,974,1,2
976,1584,975,1,2
976,1585,975,1,2
977,1584,976,1,2
977,1585,976,1,2
978,1584,977,1,2
978,1585,977,1,2
979,1584,978,1,2
979,1585,978,1,2
980,1584,979,1,2
980,1585,979,1,2
981,1584,980,1,2
981,1585,980,1,2
982,1584,983,2,1
982,1585,981,1,2
983,1584,984,2,1
983,1585,1005,3,0
984,1584,962,0,3
984,1585,1006,3,0
985,1584,963,0,3
985,1585,984,1,2
986,1584,964,0,3
986,1585,987,2,1
987,1584,988,2,1
987,1585,988,2,1
988,1584,989,2,1
988,1585,989,2,1
989,1584,968,2,3
989,1585,968,2,3
990,1584,991,1,1
990,1585,991,1,1
991,1584,992,2,1
991,1585,992,2,1
992,1584,970,0,3
992,1585,993,2,1
993,1584,971,0,3
993,1585,994,2,1
994,1584,972,0,3
994,1585,995,2,1
995,1584,973,0,3
995,1585,1017,3,0
996,1584,995,1,2
996,1585,1018,3,0
997,1584,996,1,2
997,1585,996,1,2
998,1584,997,1,2
998,1585,997,1,2
999,1584,998,1,2
999,1585,998,1,2
1000,1584,999,1,2
1000,1585,999,1,2
1001,1584,1000,1,2
1001,1585,1000,1,2
1002,1584,1001,1,2
1002,1585,1001,1,2
1003,1584,1002,1,2
1003,1585,1002,1,2
1004,1584,1005,2,1
1004,1585,1003,1,2
1005,1584,1006,2,1
1005,1585,1027,3,0
1006,1584,984,0,3
1006,1585,1028,3,0
1007,1584,985,0,3
1007,1585,1006,1,2
1008,1584,986,0,3
1008,1585,1009,2,1
1009,1584,1010,2,1
1009,1585,1010,2,1
1010,1584,1011,2,1
1010,1585,1011,2,1
1011,1584,990,2,3
1011,1585,990,2,3
1012,1584,1013,1,1
1012,1585,1013,1,1
1013,1584,1014,2,1
1013,1585,1014,2,1
1014,1584,992,0,3
1014,1585,1015,2,1
1015,1584,993,0,3
1015,1585,1016,2,1
1016,1584,994,0,3
1016,1585,1017,2,1
1017,1584,995,0,3
1017,1585,1039,3,0
1018,1584,1017,1,2
1018,1585,1040,3,0
1019,1584,1018,1,2
1019,1585,1018,1,2
1020,1584,1019,1,2
1020,1585,1019,1,2
1021,1584,1020,1,2
1021,1585,1020,1,2
1022,1584,1021,1,2
1022,1585,1021,1,2
1023,1584,1022,1,2
1023,1585,1022,1,2
1024,1584,1023,1,2
1024,1585,1023,1,2
1025,1584,1024,1,2
1025,1585,1024,1,2
1026,1584,1027,2,1
1026,1585,1025,1,2
1027,1584,1028,2,1
1027,1585,1049,3,0
1028,1584,1006,0,3
1028,1585,1050,3,0
1029,1584,1007,0,3
1029,1585,1028,1,2
1030,1584,1008,0,3
1030,1585,1031,2,1
1031,1584,1032,2,1
1031,1585,1032,2,1
1032,1584,1033,2,1
1032,1585,1033,2,1
1033,1584,1012,2,3
1033,1585,1012,2,3
1034,1584,1035,1,1
1034,1585,1035,1,1
1035,1584,1036,2,1
1035,1585,1036,2,1
1036,1584,1014,0,3
1036,1585,1037,2,1
1037,1584,1015,0,3
1037,1585,1038,2,1
1038,1584,1016,0,3
1038,1585,1039,2,1
1039,1584,1017,0,3
1039,1585,1061,3,0
1040,1584,1039,1,2
1040,1585,1062,3,0
1041,1584,1040,1,2
1041,1585,1040,1,2
1042,1584,1041,1,2
1042,1585,1041,1,2
1043,1584,1042,1,2
1043,1585,1042,1,2
1044,1584,1043,1,2
1044,1585,1043,1,2
1045,1584,1044,1,2
1045,1585,1044,1,2
1046,1584,1045,1,2
1046,1585,1045,1,2
1047,1584,1046,1,2
1047,1585,1046,1,2
1048,1584,1049,2,1
1048,1585,1047,1,2
1049,1584,1050,2,1
1049,1585,1071,3,0
1050,1584,1028,0,3
1050,1585,1072,3,0
1051,1584,1029,0,3
1051,1585,1050,1,2
1052,1584,1030,0,3
1052,1585,1053,2,1
1053,1584,1054,2,1
1053,1585,1054,2,1
1054,1584,1055,2,1
1054,1585,1055,2,1
1055,1584,1034,2,3
1055,1585,1034,2,3
1056,1584,1057,1,1
1056,1585,1057,1,1
1057,1584,1058,2,1
1057,1585,1058,2,1
1058,1584,1036,0,3
1058,1585,1059,2,1
1059,1584,1037,0,3
1059,1585,1060,2,1
1060,1584,1038,0,3
1060,1585,1061,2,1
1061,1584,1039,0,3
1061,1585,1083,3,0
1062,1584,1061,1,2
1062,1585,1084,3,0
1063,1584,1062,1,2
1063,1585,1062,1,2
1064,1584,1063,1,2
1064,1585,1063,1,2
1065,1584,1064,1,2
1065,1585,1064,1,2
1066,1584,1065,1,2
1066,1585,1065,1,2
1067,1584,1066,1,2
1067,1585,1066,1,2
1068,1584,1067,1,2
1068,1585,1067,1,2
1069,1584,1068,1,2
1069,1585,1068,1,2
1070,1584,1071,2,1
1070,1585,1069,1,2
1071,1584,1072,2,1
1071,1585,1093,3,0
1072,1584,1050,0,3
1072,1585,1094,3,0
1073,1584,1051,0,3
1073,1585,1072,1,2
1074,1584,1052,0,3
1074,1585,1075,2,1
1075,1584,1076,2,1
1075,1585,1076,2,1
1076,1584,1077,2,1
1076,1585,1077,2,1
1077,1584,1056,2,3
1077,1585,1056,2,3
1078,1584,1079,1,1
1078,1585,1079,1,1
1079,1584,1080,2,1
1079,1585,1080,2,1
1080,1584,1058,0,3
1080,1585,1081,2,1
1081,1584,1059,0,3
1081,1585,1082,2,1
1082,1584,1060,0,3
1082,1585,1083,2,1
1083,1584,1061,0,3
1083,1585,1105,3,0
1084,1584,1083,1,2
1084,1585,1106,3,0
1085,1584,1084,1,2
1085,1585,1084,1,2
1086,1584,1085,1,2
1086,1585,1085,1,2
1087,1584,1086,1,2
1087,1585,1086,1,2
1088,1584,1087,1,2
1088,1585,1087,1,2
1089,1584,1088,1,2
1089,1585,1088,1,2
1090,1584,1089,1,2
1090,1585,1089,1,2
1091,1584,1090,1,2
1091,1585,1090,1,2
1092,1584,1093,2,1
1092,1585,1091,1,2
1093,1584,1094,2,1
1093,1585,1115,3,0
1094,1584,1072,0,3
1094,1585,1116,3,0
1095,1584,1073,0,3
1095,1585,1094,1,2
1096,1584,1074,0,3
1096,1585,1097,2,1
1097,1584,1098,2,1
1097,1585,1098,2,1
1098,1584,1099,2,1
1098,1585,1099,2,1
1099,1584,1078,2,3
1099,1585,1078,2,3
1100,1584,1101,1,1
1100,1585,1101,1,1
1101,1584,1102,2,1
1101,1585,1102,2,1
1102,1584,1080,0,3
1102,1585,1103,2,1
1103,1584,1081,0,3
1103,1585,1104,2,1
1104,1584,1082,0,3
1104,1585,1105,2,1
1105,1584,1083,0,3
1105,1585,1127,3,0
1106,1584,1105,1,2
1106,1585,1128,3,0
1107,1584,1106,1,2
1107,1585,1106,1,2
1108,1584,1107,1,2
1108,1585,1107,1,2
1109,1584,1108,1,2
1109,1585,1108,1,2
1110,1584,1109,1,2
1110,1585,1109,1,2
1111,1584,1110,1,2
1111,1585,1110,1,2
1112,1584,1111,1,2
1112,1585,1111,1,2
1113,1584,1112,1,2
1113,1585,1112,1,2
1114,1584,1115,2,1
1114,1585,1113,1,2
1115,1584,1116,2,1
1115,1585,1137,3,0
1116,1584,1094,0,3
1116,1585,1138,3,0
1117,1584,1095,0,3
1117,1585,1116,1,2
1118,1584,1096,0,3
1118,1585,1119,2,1
1119,1584,1120,2,1
1119,1585,1120,2,1
1120,1584,1121,2,1
1120,1585,1121,2,1
1121,1584,1100,2,3
1121,1585,1100,2,3
1122,1584,1123,1,1
1122,1585,1123,1,1
1123,1584,1124,2,1
1123,1585,1124,2,1
1124,1584,1102,0,3
1124,1585,1125,2,1
1125,1584,1103,0,3
1125,1585,1126,2,1
1126,1584,1104,0,3
1126,1585,1127,2,1
1127,1584,1105,0,3
1127,1585,1149,3,0
1128,1584,1127,1,2
1128,1585,1150,3,0
1129,1584,1128,1,2
1129,1585,1128,1,2
1130,1584,1129,1,2
1130,1585,1129,1,2
1131,1584,1130,1,2
1131,1585,1130,1,2
1132,1584,1131,1,2
1132,1585,1131,1,2
1133,1584,1132,1,2
1133,1585,1132,1,2
1134,1584,1133,1,2
1134,1585,1133,1,2
1135,1584,1134,1,2
1135,1585,1134,1,2
1136,1584,1137,2,1
1136,1585,1135,1,2
1137,1584,1138,2,1
1137,1585,1159,3,0
1138,1584,1116,0,3
1138,1585,1160,3,0
1139,1584,1117,0,3
1139,1585,1138,1,2
1140,1584,1118,0,3
1140,1585,1141,2,1
1141,1584,1142,2,1
1141,1585,1142,2,1
1142,1584,1143,2,1
1142,1585,1143,2,1
1143,1584,1122,2,3
1143,1585,1122,2,3
1144,1584,1145,1,1
1144,1585,1145,1,1
1145,1584,1146,2,1
1145,1585,1146,2,1
1146,1584,1124,0,3
1146,1585,1147,2,1
1147,1584,1125,0,3
1147,1585,1148,2,1
1148,1584,1126,0,3
1148,1585,1149,2,1
1149,1584,1127,0,3
1149,1585,1171,3,0
1150,1584,1149,1,2
1150,1585,1172,3,0
1151,1584,1150,1,2
1151,1585,1150,1,2
1152,1584,1151,1,2
1152,1585,1151,1,2
1153,1584,1152,1,2
1153,1585,1152,1,2
1154,1584,1153,1,2
1154,1585,1153,1,2
1155,1584,1154,1,2
1155,1585,1154,1,2
1156,1584,1155,1,2
1156,1585,1155,1,2
1157,1584,1156,1,2
1157,1585,1156,1,2
1158,1584,1159,2,1
1158,1585,1157,1,2
1159,1584,1160,2,1
1159,1585,1181,3,0
1160,1584,1138,0,3
1160,1585,1182,3,0
1161,1584,1139,0,3
1161,1585,1160,1,2
1162,1584,1140,0,3
1162,1585,1163,2,1
1163,1584,1164,2,1
1163,1585,1164,2,1
1164,1584,1165,2,1
1164,1585,1165,2,1
1165,1584,1144,2,3
1165,1585,1144,2,3
1166,1584,1167,1,1
1166,1585,1167,1,1
1167,1584,1168,2,1
1167,1585,1168,2,1
1168,1584,1146,0,3
1168,1585,1169,2,1
1169,1584,1147,0,3
1169,1585,1170,2,1
1170,1584,1148,0,3
1170,1585,1171,2,1
1171,1584,1149,0,3
1171,1585,1193,3,0
1172,1584,1171,1,2
1172,1585,1194,3,0
1173,1584,1172,1,2
1173,1585,1172,1,2
1174,1584,1173,1,2
1174,1585,1173,1,2
1175,1584,1174,1,2
1175,1585,1174,1,2
1176,1584,1175,1,2
1176,1585,1175,1,2
1177,1584,1176,1,2
1177,1585,1176,1,2
1178,1584,1177,1,2
1178,1585,1177,1,2
1179,1584,1178,1,2
1179,1585,1178,1,2
1180,1584,1181,2,1
1180,1585,1179,1,2
1181,1584,1182,2,1
1181,1585,1203,3,0
1182,1584,1160,0,3
1182,1585,1204,3,0
1183,1584,1161,0,3
1183,1585,1182,1,2
1184,1584,1162,0,3
1184,1585,1185,2,1
1185,1584,1186,2,1
1185,1585,1186,2,1
1186,1584,1187,2,1
1186,1585,1187,2,1
1187,1584,1166,2,3
1187,1585,1166,2,3
1188,1584,1189,1,1
1188,1585,1189,1,1
1189,1584,1190,2,1
1189,1585,1190,2,1
1190,1584,1168,0,3
1190,1585,1191,2,1
1191,1584,1169,0,3
1191,1585,1192,2,1
1192,1584,1170,0,3
1192,1585,1193,2,1
1193,1584,1171,0,3
1193,1585,1215,3,0
1194,1584,1193,1,2
1194,1585,1216,3,0
1195,1584,1194,1,2
1195,1585,1194,1,2
1196,1584,1195,1,2
1196,1585,1195,1,2
1197,1584,1196,1,2
1197,1585,1196,1,2
1198,1584,1197,1,2
1198,1585,1197,1,2
1199,1584,1198,1,2
1199,1585,1198,1,2
1200,1584,1199,1,2
1200,1585,1199,1,2
1201,1584,1200,1,2
1201,1585,1200,1,2
1202,1584,1203,2,1
1202,1585,1201,1,2
1203,1584,1204,2,1
1203,1585,1225,3,0
1204,1584,1182,0,3
1204,1585,1226,3,0
1205,1584,1183,0,3
1205,1585,1204,1,2
1206,1584,1184,0,3
1206,1585,1207,2,1
1207,1584,1208,2,1
1207,1585,1208,2,1
1208,1584,1209,2,1
1208,1585,1209,2,1
1209,1584,1188,2,3
1209,1585,1188,2,3
1210,1584,1211,1,1
1210,1585,1211,1,1
1211,1584,1212,2,1
1211,1585,1212,2,1
1212,1584,1190,0,3
1212,1585,1213,2,1
1213,1584,1191,0,3
1213,1585,1214,2,1
1214,1584,1192,0,3
1214,1585,1215,2,1
1215,1584,1193,0,3
1215,1585,1237,3,0
1216,1584,1215,1,2
1216,1585,1238,3,0
1217,1584,1216,1,2
1217,1585,1216,1,2
1218,1584,1217,1,2
1218,1585,1217,1,2
1219,1584,1218,1,2
1219,1585,1218,1,2
1220,1584,1219,1,2
1220,1585,1219,1,2
1221,1584,1220,1,2
1221,1585,1220,1,2
1222,1584,1221,1,2
1222,1585,1221,1,2
1223,1584,1222,1,2
1223,1585,1222,1,2
1224,1584,1225,2,1
1224,1585,1223,1,2
1225,1584,1226,2,1
1225,1585,1247,3,0
1226,1584,1204,0,3
1226,1585,1248,3,0
1227,1584,1205,0,3
1227,1585,1226,1,2
1228,1584,1206,0,3
1228,1585,1229,2,1
1229,1584,1230,2,1
1229,1585,1230,2,1
1230,1584,1231,2,1
1230,1585,1231,2,1
1231,1584,1210,2,3
1231,1585,1210,2,3
1232,1584,1233,1,1
1232,1585,1233,1,1
1233,1584,1234,2,1
1233,1585,1234,2,1
1234,1584,1212,0,3
1234,1585,1235,2,1
1235,1584,1213,0,3
1235,1585,1236,2,1
1236,1584,1214,0,3
1236,1585,1237,2,1
1237,1584,1215,0,3
1237,1585,1259,3,0
1238,1584,1237,1,2
1238,1585,1260,3,0
1239,1584,1238,1,2
1239,1585,1238,1,2
1240,1584,1239,1,2
1240,1585,1239,1,2
1241,1584,1240,1,2
1241,1585,1240,1,2
1242,1584,1241,1,2
1242,1585,1241,1,2
1243,1584,1242,1,2
1243,1585,1242,1,2
1244,1584,1243,1,2
1244,1585,1243,1,2
1245,1584,1244,1,2
1245,1585,1244,1,2
1246,1584,1247,2,1
1246,1585,1245,1,2
1247,1584,1248,2,1
1247,1585,1269,3,0
1248,1584,1226,0,3
1248,1585,1270,3,0
1249,1584,1227,0,3
1249,1585,1248,1,2
1250,1584,1228,0,3
1250,1585,1251,2,1
1251,1584,1252,2,1
1251,1585,1252,2,1
1252,1584,1253,2,1
1252,1585,1253,2,1
1253,1584,1232,2,3
1253,1585,1232,2,3
1254,1584,1255,1,1
1254,1585,1255,1,1
1255,1584,1256,2,1
1255,1585,1256,2,1
1256,1584,1234,0,3
1256,1585,1257,2,1
1257,1584,1235,0,3
1257,1585,1258,2,1
1258,1584,1236,0,3
1258,1585,1259,2,1
1259,1584,1237,0,3
1259,1585,1281,3,0
1260,1584,1259,1,2
1260,1585,1282,3,0
1261,1584,1260,1,2
1261,1585,1260,1,2
1262,1584,1261,1,2
1262,1585,1261,1,2
1263,1584,1262,1,2
1263,1585,1262,1,2
1264,1584,1263,1,2
1264,1585,1263,1,2
1265,1584,1264,1,2
1265,1585,1264,1,2
1266,1584,1265,1,2
1266,1585,1265,1,2
1267,1584,1266,1,2
1267,1585,1266,1,2
1268,1584,1269,2,1
1268,1585,1267,1,2
1269,1584,1270,2,1
1269,1585,1291,3,0
1270,1584,1248,0,3
1270,1585,1292,3,0
1271,1584,1249,0,3
1271,1585,1270,1,2
1272,1584,1250,0,3
1272,1585,1273,2,1
1273,1584,1274,2,1
1273,1585,1274,2,1
1274,1584,1275,2,1
1274,1585,1275,2,1
1275,1584,1254,2,3
1275,1585,1254,2,3
1276,1584,1277,1,1
1276,1585,1277,1,1
1277,1584,1278,2,1
1277,1585,1278,2,1
1278,1584,1256,0,3
1278,1585,1279,2,1
1279,1584,1257,0,3
1279,1585,1280,2,1
1280,1584,1258,0,3
1280,1585,1281,2,1
1281,1584,1259,0,3
1281,1585,1303,3,0
1282,1584,1281,1,2
1282,1585,1304,3,0
1283,1584,1282,1,2
1283,1585,1282,1,2
1284,1584,1283,1,2
1284,1585,1283,1,2
1285,1584,1284,1,2
1285,1585,1284,1,2
1286,1584,1285,1,2
1286,1585,1285,1,2
1287,1584,1286,1,2
1287,1585,1286,1,2
1288,1584,1287,1,2
1288,1585,1287,1,2
1289,1584,1288,1,2
1289,1585,1288,1,2
1290,1584,1291,2,1
1290,1585,1289,1,2
1291,1584,1292,2,1
1291,1585,1313,3,0
1292,1584,1270,0,3
1292,1585,1314,3,0
1293,1584,1271,0,3
1293,1585,1292,1,2
1294,1584,1272,0,3
1294,1585,1295,2,1
1295,1584,1296,2,1
1295,1585,1296,2,1
1296,1584,1297,2,1
1296,1585,1297,2,1
1297,1584,1276,2,3
1297,1585,1276,2,3
1298,1584,1299,1,1
1298,1585,1299,1,1
1299,1584,1300,2,1
1299,1585,1300,2,1
1300,1584,1278,0,3
1300,1585,1301,2,1
1301,1584,1279,0,3
1301,1585,1302,2,1
1302,1584,1280,0,3
1302,1585,1303,2,1
1303,1584,1281,0,3
1303,1585,1325,3,0
1304,1584,1303,1,2
1304,1585,1326,3,0
1305,1584,1304,1,2
1305,1585,1304,1,2
1306,1584,1328,3,0
1306,1585,1305,1,2
1307,1584,1306,1,2
1307,1585,1306,1,2
1308,1584,1307,1,2
1308,1585,1307,1,2
1309,1584,1308,1,2
1309,1585,1308,1,2
1310,1584,1309,1,2
1310,1585,1309,1,2
1311,1584,1333,3,0
1311,1585,1310,1,2
1312,1584,1313,2,1
1312,1585,1311,1,2
1313,1584,1314,2,1
1313,1585,1335,3,0
1314,1584,1292,0,3
1314,1585,1336,3,0
1315,1584,1293,0,3
1315,1585,1314,1,2
1316,1584,1294,0,3
1316,1585,1317,2,1
1317,1584,1318,2,1
1317,1585,1318,2,1
1318,1584,1319,2,1
1318,1585,1319,2,1
1319,1584,1298,2,3
1319,1585,1298,2,3
1320,1584,1321,1,1
1320,1585,1321,1,1
1321,1584,1322,2,1
1321,1585,1322,2,1
1322,1584,1300,0,3
1322,1585,1323,2,1
1323,1584,1301,0,3
1323,1585,1324,2,1
1324,1584,1302,0,3
1324,1585,1325,2,1
1325,1584,1303,0,3
1325,1585,1347,3,0
1326,1584,1325,1,2
1326,1585,1348,3,0
1327,1584,1349,3,0
1327,1585,1326,1,2
1328,1584,1350,3,0
1328,1585,1327,1,2
1329,1584,1328,1,2
1329,1585,1328,1,2
1330,1584,1329,1,2
1330,1585,1329,1,2
1331,1584,1330,1,2
1331,1585,1330,1,2
1332,1584,1331,1,2
1332,1585,1331,1,2
1333,1584,1355,3,0
1333,1585,1332,1,2
1334,1584,1356,3,0
1334,1585,1333,1,2
1335,1584,1336,2,1
1335,1585,1357,3,0
1336,1584,1314,0,3
1336,1585,1358,3,0
1337,1584,1315,0,3
1337,1585,1336,1,2
1338,1584,1316,0,3
1338,1585,1339,2,1
1339,1584,1340,2,1
1339,1585,1340,2,1
1340,1584,1341,2,1
1340,1585,1341,2,1
1341,1584,1320,2,3
1341,1585,1320,2,3
1342,1584,1343,1,1
1342,1585,1343,1,1
1343,1584,1344,2,1
1343,1585,1344,2,1
1344,1584,1322,0,3
1344,1585,1345,2,1
1345,1584,1323,0,3
1345,1585,1346,2,1
1346,1584,1324,0,3
1346,1585,1347,2,1
1347,1584,1325,0,3
1347,1585,1369,3,0
1348,1584,1370,3,0
1348,1585,1370,3,0
1349,1584,1371,3,0
1349,1585,1348,1,2
1350,1584,1372,3,0
1350,1585,1349,1,2
1351,1584,1350,1,2
1351,1585,1350,1,2
1352,1584,1351,1,2
1352,1585,1351,1,2
1353,1584,1352,1,2
1353,1585,1352,1,2
1354,1584,1353,1,2
1354,1585,1353,1,2
1355,1584,1377,3,0
1355,1585,1354,1,2
1356,1584,1378,3,0
1356,1585,1355,1,2
1357,1584,1379,3,0
1357,1585,1379,3,0
1358,1584,1336,0,3
1358,1585,1380,3,0
1359,1584,1337,0,3
1359,1585,1358,1,2
1360,1584,1338,0,3
1360,1585,1361,2,1
1361,1584,1362,2,1
1361,1585,1362,2,1
1362,1584,1363,2,1
1362,1585,1363,2,1
1363,1584,1342,2,3
1363,1585,1342,2,3
1364,1584,1365,1,1
1364,1585,1365,1,1
1365,1584,1366,2,1
1365,1585,1366,2,1
1366,1584,1344,0,3
1366,1585,1367,2,1
1367,1584,1345,0,3
1367,1585,1368,2,1
1368,1584,1346,0,3
1368,1585,1369,2,1
1369,1584,1347,0,3
1369,1585,1391,3,0
1370,1584,1392,3,0
1370,1585,1392,3,0
1371,1584,1393,3,0
1371,1585,1370,1,2
1372,1584,1394,3,0
1372,1585,1371,1,2
1373,1584,1372,1,2
1373,1585,1372,1,2
1374,1584,1373,1,2
1374,1585,1373,1,2
1375,1584,1374,1,2
1375,1585,1374,1,2
1376,1584,1375,1,2
1376,1585,1375,1,2
1377,1584,1399,3,0
1377,1585,1376,1,2
1378,1584,1400,3,0
1378,1585,1377,1,2
1379,1584,1401,3,0
1379,1585,1401,3,0
1380,1584,1358,0,3
1380,1585,1402,3,0
1381,1584,1359,0,3
1381,1585,1380,1,2
1382,1584,1360,0,3
1382,1585,1383,2,1
1383,1584,1384,2,1
1383,1585,1384,2,1
1384,1584,1385,2,1
1384,1585,1385,2,1
1385,1584,1364,2,3
1385,1585,1364,2,3
1386,1584,1387,1,1
1386,1585,1387,1,1
1387,1584,1388,2,1
1387,1585,1388,2,1
1388,1584,1366,0,3
1388,1585,1389,2,1
1389,1584,1367,0,3
1389,1585,1390,2,1
1390,1584,1368,0,3
1390,1585,1391,2,1
1391,1584,1413,3,0
1391,1585,1413,3,0
1392,1584,1414,3,0
1392,1585,1414,3,0
1393,1584,1415,3,0
1393,1585,1392,1,2
1394,1584,1416,3,0
1394,1585,1393,1,2
1395,1584,1394,1,2
1395,1585,1394,1,2
1396,1584,1395,1,2
1396,1585,1395,1,2
1397,1584,1396,1,2
1397,1585,1396,1,2
1398,1584,1397,1,2
1398,1585,1397,1,2
1399,1584,1421,3,0
1399,1585,1398,1,2
1400,1584,1422,3,0
1400,1585,1399,1,2
1401,1584,1423,3,0
1401,1585,1423,3,0
1402,1584,1424,3,0
1402,1585,1424,3,0
1403,1584,1381,0,3
1403,1585,1402,1,2
1404,1584,1382,0,3
1404,1585,1405,2,1
1405,1584,1406,2,1
1405,1585,1406,2,1
1406,1584,1407,2,1
1406,1585,1407,2,1
1407,1584,1386,2,3
1407,1585,1386,2,3
1408,1584,1409,1,1
1408,1585,1409,1,1
1409,1584,1410,2,1
1409,1585,1410,2,1
1410,1584,1388,0,3
1410,1585,1411,2,1
1411,1584,1389,0,3
1411,1585,1412,2,1
1412,1584,1390,0,3
1412,1585,1413,2,1
1413,1584,1435,3,0
1413,1585,1435,3,0
1414,1584,1436,3,0
1414,1585,1436,3,0
1415,1584,1437,3,0
1415,1585,1414,1,2
1416,1584,1438,3,0
1416,1585,1415,1,2
1417,1584,1416,1,2
1417,1585,1416,1,2
1418,1584,1417,1,2
1418,1585,1417,1,2
1419,1584,1418,1,2
1419,1585,1418,1,2
1420,1584,1419,1,2
1420,1585,1419,1,2
1421,1584,1443,3,0
1421,1585,1420,1,2
1422,1584,1444,3,0
1422,1585,1421,1,2
1423,1584,1445,3,0
1423,1585,1445,3,0
1424,1584,1446,3,0
1424,1585,1446,3,0
1425,1584,1403,0,3
1425,1585,1424,1,2
1426,1584,1404,0,3
1426,1585,1427,2,1
1427,1584,1428,2,1
1427,1585,1428,2,1
1428,1584,1429,2,1
1428,1585,1429,2,1
1429,1584,1408,2,3
1429,1585,1408,2,3
1430,1584,1431,1,1
1430,1585,1431,1,1
1431,1584,1432,2,1
1431,1585,1432,2,1
1432,1584,1410,0,3
1432,1585,1433,2,1
1433,1584,1411,0,3
1433,1585,1434,2,1
1434,1584,1435,2,1
1434,1585,1435,2,1
1435,1584,1457,3,0
1435,1585,1436,2,1
1436,1584,1458,3,0
1436,1585,1585,4,0
1437,1584,1459,3,0
1437,1585,1436,1,2
1438,1584,1460,3,0
1438,1585,1437,1,2
1439,1584,1438,1,2
1439,1585,1438,1,2
1440,1584,1439,1,2
1440,1585,1439,1,2
1441,1584,1440,1,2
1441,1585,1440,1,2
1442,1584,1441,1,2
1442,1585,1441,1,2
1443,1584,1465,3,0
1443,1585,1442,1,2
1444,1584,1466,3,0
1444,1585,1443,1,2
1445,1584,1467,3,0
1445,1585,1444,1,2
1446,1584,1468,3,0
1446,1585,1445,1,2
1447,1584,1446,1,2
1447,1585,1446,1,2
1448,1584,1426,0,3
1448,1585,1449,2,1
1449,1584,1450,2,1
1449,1585,1450,2,1
1450,1584,1451,2,1
1450,1585,1451,2,1
1451,1584,1430,2,3
1451,1585,1430,2,3
1452,1584,1453,1,1
1452,1585,1453,1,1
1453,1584,1454,2,1
1453,1585,1454,2,1
1454,1584,1432,0,3
1454,1585,1455,2,1
1455,1584,1433,0,3
1455,1585,1456,2,1
1456,1584,1457,2,1
1456,1585,1457,2,1
1457,1584,1479,3,0
1457,1585,1435,0,3
1458,1584,1480,3,0
1458,1585,1436,0,3
1459,1584,1481,3,0
1459,1585,1458,1,2
1460,1584,1482,3,0
1460,1585,1459,1,2
1461,1584,1460,1,2
1461,1585,1460,1,2
1462,1584,1461,1,2
1462,1585,1461,1,2
1463,1584,1462,1,2
1463,1585,1462,1,2
1464,1584,1463,1,2
1464,1585,1463,1,2
1465,1584,1487,3,0
1465,1585,1464,1,2
1466,1584,1488,3,0
1466,1585,1465,1,2
1467,1584,1489,3,0
1467,1585,1445,0,3
1468,1584,1490,3,0
1468,1585,1446,0,3
1469,1584,1468,1,2
1469,1585,1468,1,2
1470,1584,1448,0,3
1470,1585,1471,2,1
1471,1584,1472,2,1
1471,1585,1472,2,1
1472,1584,1473,2,1
1472,1585,1473,2,1
1473,1584,1452,2,3
1473,1585,1452,2,3
1474,1584,1475,1,1
1474,1585,1475,1,1
1475,1584,1476,2,1
1475,1585,1476,2,1
1476,1584,1454,0,3
1476,1585,1477,2,1
1477,1584,1478,2,1
1477,1585,1478,2,1
1478,1584,1479,2,1
1478,1585,1479,2,1
1479,1584,1501,3,0
1479,1585,1480,2,1
1480,1584,1502,3,0
1480,1585,1585,4,0
1481,1584,1503,3,0
1481,1585,1480,1,2
1482,1584,1504,3,0
1482,1585,1481,1,2
1483,1584,1482,1,2
1483,1585,1482,1,2
1484,1584,1483,1,2
1484,1585,1483,1,2
1485,1584,1484,1,2
1485,1585,1484,1,2
1486,1584,1485,1,2
1486,1585,1485,1,2
1487,1584,1509,3,0
1487,1585,1486,1,2
1488,1584,1510,3,0
1488,1585,1487,1,2
1489,1584,1511,3,0
1489,1585,1488,1,2
1490,1584,1512,3,0
1490,1585,1489,1,2
1491,1584,1490,1,2
1491,1585,1490,1,2
1492,1584,1491,1,2
1492,1585,1493,2,1
1493,1584,1494,2,1
1493,1585,1494,2,1
1494,1584,1495,2,1
1494,1585,1495,2,1
1495,1584,1474,2,3
1495,1585,1474,2,3
1496,1584,1497,1,1
1496,1585,1497,1,1
1497,1584,1498,2,1
1497,1585,1498,2,1
1498,1584,1499,2,1
1498,1585,1499,2,1
1499,1584,1500,2,1
1499,1585,1500,2,1
1500,1584,1501,2,1
1500,1585,1501,2,1
1501,1584,1523,3,0
1501,1585,1502,2,1
1502,1584,1524,3,0
1502,1585,1585,4,0
1503,1584,1525,3,0
1503,1585,1502,1,2
1504,1584,1526,3,0
1504,1585,1503,1,2
1505,1584,1504,1,2
1505,1585,1504,1,2
1506,1584,1505,1,2
1506,1585,1505,1,2
1507,1584,1506,1,2
1507,1585,1506,1,2
1508,1584,1507,1,2
1508,1585,1507,1,2
1509,1584,1531,3,0
1509,1585,1508,1,2
1510,1584,1532,3,0
1510,1585,1509,1,2
1511,1584,1533,3,0
1511,1585,1510,1,2
1512,1584,1534,3,0
1512,1585,1511,1,2
1513,1584,1512,1,2
1513,1585,1512,1,2
1514,1584,1513,1,2
1514,1585,1515,2,1
1515,1584,1516,2,1
1515,1585,1516,2,1
1516,1584,1517,2,1
1516,1585,1517,2,1
1517,1584,1496,2,3
1517,1585,1496,2,3
1518,1584,1519,1,1
1518,1585,1519,1,1
1519,1584,1520,2,1
1519,1585,1520,2,1
1520,1584,1521,2,1
1520,1585,1521,2,1
1521,1584,1522,2,1
1521,1585,1522,2,1
1522,1584,1523,2,1
1522,1585,1523,2,1
1523,1584,1545,3,0
1523,1585,1545,3,0
1524,1584,1546,3,0
1524,1585,1585,4,0
1525,1584,1547,3,0
1525,1585,1524,1,2
1526,1584,1548,3,0
1526,1585,1525,1,2
1527,1584,1526,1,2
1527,1585,1526,1,2
1528,1584,1527,1,2
1528,1585,1527,1,2
1529,1584,1528,1,2
1529,1585,1528,1,2
1530,1584,1529,1,2
1530,1585,1529,1,2
1531,1584,1553,3,0
1531,1585,1530,1,2
1532,1584,1554,3,0
1532,1585,1531,1,2
1533,1584,1555,3,0
1533,1585,1532,1,2
1534,1584,1556,3,0
1534,1585,1533,1,2
1535,1584,1534,1,2
1535,1585,1536,2,1
1536,1584,1535,1,2
1536,1585,1537,2,1
1537,1584,1538,2,1
1537,1585,1538,2,1
1538,1584,1539,2,1
1538,1585,1539,2,1
1539,1584,1518,2,3
1539,1585,1518,2,3
1540,1584,1541,1,1
1540,1585,1541,1,1
1541,1584,1542,2,1
1541,1585,1542,2,1
1542,1584,1543,2,1
1542,1585,1543,2,1
1543,1584,1544,2,1
1543,1585,1544,2,1
1544,1584,1545,2,1
1544,1585,1545,2,1
1545,1584,1567,3,0
1545,1585,1567,3,0
1546,1584,1568,3,0
1546,1585,1585,4,0
1547,1584,1569,3,0
1547,1585,1546,1,2
1548,1584,1570,3,0
1548,1585,1547,1,2
1549,1584,1548,1,2
1549,1585,1548,1,2
1550,1584,1549,1,2
1550,1585,1549,1,2
1551,1584,1550,1,2
1551,1585,1550,1,2
1552,1584,1551,1,2
1552,1585,1551,1,2
1553,1584,1575,3,0
1553,1585,1552,1,2
1554,1584,1576,3,0
1554,1585,1553,1,2
1555,1584,1577,3,0
1555,1585,1554,1,2
1556,1584,1578,3,0
1556,1585,1555,1,2
1557,1584,1556,1,2
1557,1585,1558,2,1
1558,1584,1557,1,2
1558,1585,1559,2,1
1559,1584,1560,2,1
1559,1585,1560,2,1
1560,1584,1561,2,1
1560,1585,1561,2,1
1561,1584,1540,2,3
1561,1585,1540,2,3
1562,1584,1563,1,1
1562,1585,1563,1,1
1563,1584,1564,2,1
1563,1585,1564,2,1
1564,1584,1565,2,1
1564,1585,1565,2,1
1565,1584,1566,2,1
1565,1585,1566,2,1
1566,1584,1567,2,1
1566,1585,1567,2,1
1567,1584,5,3,3
1567,1585,1585,4,0
1568,1584,6,3,3
1568,1585,6,3,3
1569,1584,7,3,3
1569,1585,1568,1,2
1570,1584,8,3,3
1570,1585,1569,1,2
1571,1584,1570,1,2
1571,1585,1570,1,2
1572,1584,1571,1,2
1572,1585,1571,1,2
1573,1584,1572,1,2
1573,1585,1572,1,2
1574,1584,1573,1,2
1574,1585,1573,1,2
1575,1584,13,3,3
1575,1585,1574,1,2
1576,1584,14,3,3
1576,1585,1575,1,2
1577,1584,15,3,3
1577,1585,15,3,3
1578,1584,16,3,3
1578,1585,16,3,3
1579,1584,1578,1,2
1579,1585,1580,2,1
1580,1584,1579,1,2
1580,1585,1581,2,1
1581,1584,1582,2,1
1581,1585,1582,2,1
1582,1584,1583,2,1
1582,1585,1583,2,1
1583,1584,1562,2,3
1583,1585,1562,2,3
1584,1585,337,0,4
1585,1584,224,0,4
